    91
     1   -0.360230    0.623936    0.000000       0.005917
     2   -0.300191    0.519947    0.000000       0.005917
     3   -0.240153    0.415957    0.000000       0.005917
     4   -0.180115    0.311968    0.000000       0.005917
     5   -0.120077    0.207979    0.000000       0.005917
     6   -0.060038    0.103989    0.000000       0.005917
     7    0.000000    0.000000    0.000000       0.005917
     8    0.060038   -0.103989    0.000000       0.005917
     9    0.120077   -0.207979    0.000000       0.005917
    10    0.180115   -0.311968    0.000000       0.005917
    11    0.240153   -0.415957    0.000000       0.005917
    12    0.300191   -0.519947    0.000000       0.005917
    13    0.360230   -0.623936    0.000000       0.005917
    14   -0.300191    0.727925    0.000000       0.011834
    15   -0.240153    0.623936    0.000000       0.011834
    16   -0.180115    0.519947    0.000000       0.011834
    17   -0.120077    0.415957    0.000000       0.011834
    18   -0.060038    0.311968    0.000000       0.011834
    19    0.000000    0.207979    0.000000       0.011834
    20    0.060038    0.103989    0.000000       0.011834
    21    0.120077    0.000000    0.000000       0.011834
    22    0.180115   -0.103989    0.000000       0.011834
    23    0.240153   -0.207979    0.000000       0.011834
    24    0.300191   -0.311968    0.000000       0.011834
    25    0.360230   -0.415957    0.000000       0.011834
    26    0.420268   -0.519947    0.000000       0.011834
    27   -0.240153    0.831914    0.000000       0.011834
    28   -0.180115    0.727925    0.000000       0.011834
    29   -0.120077    0.623936    0.000000       0.011834
    30   -0.060038    0.519947    0.000000       0.011834
    31    0.000000    0.415957    0.000000       0.011834
    32    0.060038    0.311968    0.000000       0.011834
    33    0.120077    0.207979    0.000000       0.011834
    34    0.180115    0.103989    0.000000       0.011834
    35    0.240153    0.000000    0.000000       0.011834
    36    0.300191   -0.103989    0.000000       0.011834
    37    0.360230   -0.207979    0.000000       0.011834
    38    0.420268   -0.311968    0.000000       0.011834
    39    0.480306   -0.415957    0.000000       0.011834
    40   -0.180115    0.935904    0.000000       0.011834
    41   -0.120077    0.831914    0.000000       0.011834
    42   -0.060038    0.727925    0.000000       0.011834
    43    0.000000    0.623936    0.000000       0.011834
    44    0.060038    0.519947    0.000000       0.011834
    45    0.120077    0.415957    0.000000       0.011834
    46    0.180115    0.311968    0.000000       0.011834
    47    0.240153    0.207979    0.000000       0.011834
    48    0.300191    0.103989    0.000000       0.011834
    49    0.360230    0.000000    0.000000       0.011834
    50    0.420268   -0.103989    0.000000       0.011834
    51    0.480306   -0.207979    0.000000       0.011834
    52    0.540344   -0.311968    0.000000       0.011834
    53   -0.120077    1.039893    0.000000       0.011834
    54   -0.060038    0.935904    0.000000       0.011834
    55    0.000000    0.831914    0.000000       0.011834
    56    0.060038    0.727925    0.000000       0.011834
    57    0.120077    0.623936    0.000000       0.011834
    58    0.180115    0.519947    0.000000       0.011834
    59    0.240153    0.415957    0.000000       0.011834
    60    0.300191    0.311968    0.000000       0.011834
    61    0.360230    0.207979    0.000000       0.011834
    62    0.420268    0.103989    0.000000       0.011834
    63    0.480306    0.000000    0.000000       0.011834
    64    0.540344   -0.103989    0.000000       0.011834
    65    0.600383   -0.207979    0.000000       0.011834
    66   -0.060038    1.143882    0.000000       0.011834
    67    0.000000    1.039893    0.000000       0.011834
    68    0.060038    0.935904    0.000000       0.011834
    69    0.120077    0.831914    0.000000       0.011834
    70    0.180115    0.727925    0.000000       0.011834
    71    0.240153    0.623936    0.000000       0.011834
    72    0.300191    0.519947    0.000000       0.011834
    73    0.360230    0.415957    0.000000       0.011834
    74    0.420268    0.311968    0.000000       0.011834
    75    0.480306    0.207979    0.000000       0.011834
    76    0.540344    0.103989    0.000000       0.011834
    77    0.600383    0.000000    0.000000       0.011834
    78    0.660421   -0.103989    0.000000       0.011834
    79    0.000000    1.247872    0.000000       0.011834
    80    0.060038    1.143882    0.000000       0.011834
    81    0.120077    1.039893    0.000000       0.011834
    82    0.180115    0.935904    0.000000       0.011834
    83    0.240153    0.831914    0.000000       0.011834
    84    0.300191    0.727925    0.000000       0.011834
    85    0.360230    0.623936    0.000000       0.011834
    86    0.420268    0.519947    0.000000       0.011834
    87    0.480306    0.415957    0.000000       0.011834
    88    0.540344    0.311968    0.000000       0.011834
    89    0.600383    0.207979    0.000000       0.011834
    90    0.660421    0.103989    0.000000       0.011834
    91    0.720459    0.000000    0.000000       0.011834
