               -177.6432391691
          0.000001277      -0.000001333       0.000000082
         -0.000001335      -0.000002726       0.000000050
          0.000000085       0.000000046      -0.000000014
          16
  1     6       0.001690138      -0.000880170      -0.001575115  C
  2     7      -0.001311176       0.002440984      -0.002825315  N
  1     6       0.002548973      -0.002708740      -0.000233571  C
  3     1       0.002268079       0.006356390       0.000999082  H
  1     6      -0.001390293       0.001131561      -0.000235850  C
  4    17       0.002813831      -0.001061381       0.000181299  Cl
  1     6      -0.000481755       0.000653505       0.000106181  C
  3     1      -0.001368688      -0.002725469      -0.000707188  H
  1     6      -0.001315394      -0.001571641       0.000763199  C
  1     6       0.001807785       0.001250971      -0.000059039  C
  1     6      -0.003671793       0.000771268       0.000532888  C
  3     1      -0.000153155      -0.000261041       0.001051984  H
  3     1      -0.000258757       0.001239872       0.002822039  H
  3     1      -0.000878287      -0.001751913      -0.001228608  H
  5     8       0.000090070       0.000697752       0.000798318  O
  3     1      -0.000302618      -0.003729468      -0.000294713  H
